"","x_norm01","x_norm01_oult","x_norm31","x_norm31_oult","x_norm41","x_norm41_oult"
"1",0.585528817843856,-1.43614570622707,3.62796511312622,1.36337090268042,3.36501577081346,5.67751179128875
"2",0.709466017509524,-0.629259647262801,3.00214395093178,3.21156259323186,4.5014682566314,4.07947405466246
"3",-0.109303314681054,0.24352176562534,3.2843777227108,2.53516827155751,5.92599729573608,3.14357250338306
"4",-0.453497173462763,1.05836223334598,1.99822091378091,2.33764278804383,6.33465277011193,3.22122271285565
"5",0.605887455840394,0.831348817915028,2.38277807136597,2.8670464028544,5.97633977063371,3.61906391574292
"6",-1.81795596770373,0.105211815952333,3.82819423946287,1.67829829048875,7.15297486885479,2.10264166027424
"7",0.630098551068391,-1.74171309445735,2.91518135432569,3.07669278134322,7.29859157357422,3.92822908831218
"8",-0.276184105225216,0.645246993765226,2.56528008306388,2.61500912061805,1.75575344624186,2.96913540850997
"9",-0.284159743943371,0.0971042246760799,1.79516471089929,3.94730644450216,7.25256585599886,4.67069547649061
"10",-0.919322002474128,-0.0767336945381774,1.97931312007989,3.02168627194479,6.18085505749477,3.63871224506071
"11",-0.116247806352002,0.991950677701748,2.02877079703928,2.54170599222817,3.51883006186022,3.72069364383133
"12",1.81731204370422,-0.859250761249102,2.83908663782316,3.22886214469694,5.50490783568058,3.35410959300469
"13",0.370627864257954,-0.281579688324405,4.20468703481302,1.60359237150823,4.32600452217861,3.48427090711907
"14",0.520216457554957,2.06624727069071,3.06674621666017,3.92429420212992,6.89607920510342,2.62544386713877
"15",-0.750531994502331,-0.611552977816697,2.11754231634645,3.06621604105375,3.67929923991142,5.01037782844654
"16",0.816899839520583,0.315612824664819,2.9800802620196,3.80289084221957,6.36610753310089,4.45370645645891
"17",-0.886357521243213,0.660293378144825,3.32801648002383,2.93947473874316,5.15678313640657,4.27488033044491
"18",-0.331577589942552,-1.72220240714511,2.06937138330659,3.08932861914223,6.06673618131117,2.72820877519511
"19",1.12071265166956,-2.13462604834862,1.86858503189088,3.40131137647635,6.75117326530078,4.97359524191822
"20",0.298723699267293,0.0689455981370002,4.0862303889986,2.11143939599575,5.27702130037435,5.28078712369707
"21",0.779621924555324,0.867821742581099,3.51424210222305,4.44916942543378,6.88037593574191,3.97412345265801
"22",1.45578508247686,-2.29004417945875,3.29316838075921,3.20551047185944,3.6726458513824,2.2640362200077
"23",-0.644328429231302,-0.15019028820832,2.43734516953866,2.9438800323356,3.31517553471461,3.054824116282
"24",-1.55313740522969,-0.268781792791041,3.20714272376298,2.36014054465686,9.72872411327439,3.53888036127263
"25",-1.59770951669631,1.79133204114731,4.2280774574073,3.71778099875746,4.93427381083817,4.55956613727016
"26",1.80509751881082,0.67226804169809,2.56998743069587,2.93549970889452,6.30085974010756,4.20737169778683
"27",-0.481647363694637,-0.209301136296734,4.33190835172714,3.13242959590706,3.60323827562303,4.40051626974499
"28",0.620379801298422,0.0121825061243721,2.2367328439275,3.03471508455409,4.12499877611153,3.9485903301236
"29",0.612123492650849,1.53411686438439,4.23231883156069,3.28165263482086,3.5618251659013,4.82494469568756
"30",-0.162310976918126,0.0772918164071403,3.60905866292592,3.91927825482767,4.45002163164962,2.32193249647239
"31",0.81187317855386,0.078437532748926,2.17745991612548,1.9572768470741,6.79383554275952,3.07672058373262
"32",2.19683354634753,-0.779261070429696,2.95235164352737,2.7863773197946,3.72051302816877,3.34255166536265
"33",2.04919033740619,0.16655966873187,3.17067801069875,4.77794707687002,4.84773636445837,5.65494179674235
"34",1.63244563948047,0.265324569774749,1.77492867389802,4.46094086182791,6.69735816328782,2.83607085252894
"35",0.254271192814055,0.890780709620268,3.38733288420762,2.63544917742199,6.23411772613736,3.12085726550949
"36",0.491188279272559,-0.467888369466512,3.49066777697389,2.38683957862602,1.02303014544111,4.22461303088687
"37",-0.324086578737118,0.758374556806851,5.23912608412108,3.4959067804406,6.26319054470171,5.42054996200525
"38",-1.66205024385863,-0.641736357769941,3.89221230896246,3.24563858632494,1.11170927239758,4.50092068921146
"39",1.76773385087297,0.627671823247429,3.79893258373295,2.87209519016781,5.95475004775771,4.28482960196981
"40",0.0258010486478081,0.248330126822981,4.93544276888011,1.7495605818858,8.55745984896928,3.27942516940623
"41",1.12851083359018,-0.700075816724207,3.39424989963198,4.6343509612082,6.7757850634962,4.89646094196201
"42",-2.38035806139704,-0.567401585119184,3.63252149437169,3.97543576436395,2.79367187716948,2.56753233271388
"43",-1.06026555215253,-0.261393925889455,3.10259110247978,4.08407793761813,4.39473258866061,4.38599263402402
"44",0.937140540182908,-1.06388503578658,4.01021099822561,2.64061272854046,6.66759086374109,2.88934584952041
"45",0.854451720330554,-0.10636865398875,4.21467838526569,1.9844803269369,0.18093900890235,3.92449656217157
"46",1.46072940310409,0.771103739675585,3.50087065830807,4.33552147320614,5.51490476730205,2.61277778086658
"47",-1.41309877788919,2.74740354224873,2.09053204908016,2.8444377239424,0.65252312702041,4.27471365422758
"48",0.567403253424482,-0.0839347570758132,0.80279148801816,3.92660849817811,5.05233535862628,4.54631196268885
"49",0.583187653435685,0.543567634250284,3.43854532217057,3.88924568826877,3.85222031783349,3.46090538992959
"50",-1.30679883346442,0.75286121063539,1.97058516965913,3.14511699157134,5.55414540524416,2.15850080535722
"51",-0.540386073862105,-0.808674127657869,3.71307810393455,2.18135337389033,5.52760804456206,3.20971104899092
"52",1.94769266473204,1.00111984739073,4.02826853911963,1.76317713879571,6.7789160210034,2.90593187401074
"53",0.0535902703574544,0.456052504632617,2.42936727458143,5.31722564578261,3.93661675617633,4.46369736708952
"54",0.351662840555237,-1.43425030743108,2.56599131815988,3.05072430823386,4.42224651287301,4.01676547839203
"55",-0.670976538993938,-0.265304816278076,4.00531746476826,3.29083550974162,9.64847544323289,4.7137155884581
"56",0.277953694806143,0.641769163641739,4.20354481603093,1.18871026014826,6.61013933883082,4.37272039733072
"57",0.691171272874884,-0.415021028711576,4.49618269695643,1.85485231381873,3.35051705914642,3.36858126471343
"58",0.823795328706086,-0.459575676223938,2.84340156779291,4.28087282215109,6.22801529095438,3.65480527506695
"59",2.14506502048029,-0.792494015719286,2.06396948027212,1.64052997897714,5.01236737919196,3.76632688715683
"60",-2.34694397836337,-1.15853913347538,3.3525386461785,4.8849707369725,6.01292658497764,1.5972901683002
"61",0.149591980615209,0.710889998448436,1.71381135344592,1.63139843964045,2.92744864859844,3.15898434063566
"62",-1.34253148172954,1.26760175223824,2.72747714493016,3.543940411562,0.883634056267942,3.47442243825738
"63",0.553303075503898,-0.143151055750639,3.1569148369111,1.7619698316026,2.63259683734125,4.96467607153032
"64",1.58996284269541,-0.515028906343196,2.11818713176492,4.87713234257007,3.95625076259095,5.16868779777066
"65",-0.5868795943871,1.48289118430819,2.87810217463987,1.55418992807293,2.68804752647423,4.03752563540828
"66",-1.8323773062094,-0.162588909926269,2.1447493273765,2.84663260236623,8.41442181448295,2.94054961626424
"67",0.888139432652018,0.0417091744023163,1.99427126500323,2.05431137973126,4.19710830537871,3.79680114123607
"68",1.59348847235627,0.483039896138864,2.08604760917358,3.31240499413719,4.84390351759911,3.73947749784147
"69",0.516854670662387,-1.18012717392787,0.921766340618343,3.27472437501843,3.62153516077029,2.49640715860817
"70",-1.29567168029482,-0.663573739142793,2.85935287636999,2.68455768359364,3.59319481687423,2.80845351825089
"71",0.0546155753293754,-0.634649894213064,4.2996376498866,2.61563240201249,5.41133922222718,6.45707416564799
"72",-0.784649373191544,-0.701963031445893,2.97063121680579,1.57106426786575,5.84035012295413,2.57859483381231
"73",-1.04935281895627,0.576850378871315,0.763378162363316,3.96341768923641,7.12742985299633,2.82932880975573
"74",2.33051196240471,-2.11308037072577,3.54503006646479,3.61378162134417,3.54463712708735,4.61272884011098
"75",1.40270538286743,0.260909682674749,3.83084205243866,2.63144556678316,6.74741461579676,4.50407291263147
"76",0.942600850691525,1.14712719028965,2.50242085689913,1.19295534043626,2.22315152444241,3.96639597350757
"77",0.82625828715243,0.0147936485562024,2.39897259574374,4.35543844331659,5.62006349873366,5.06778841116665
"78",-0.811540490191081,-0.311739243901957,2.48780218591674,3.44568016611477,5.38010842890308,2.91563566424633
"79",0.476248280753654,-0.956196108104157,2.99506762024265,3.16479479147032,4.67239059269815,4.56575552227528
"80",1.02125840748109,0.473413758540709,2.90285208729086,3.02997776587805,6.02698116898789,3.7239091898624
"81",0.645383074206077,-1.51386407967723,2.97596460272449,2.32388708629879,6.80019258175714,3.1742911241126
"82",1.04314355155144,0.164280997670587,2.87260966238567,4.13604965148959,5.23974192348649,4.49022053651951
"83",-0.304369112693661,-0.870865218565352,2.86811437963695,5.16933212747923,6.88305481361865,3.07346813890525
"84",2.47711091696297,1.59332899431659,3.45374225545921,1.91098071026884,6.03097857001992,5.60254989142619
"85",0.971220673037445,0.646597522791782,1.59366416564132,1.89727390252862,3.89047713251183,3.1391089799738
"86",1.86709918456672,0.357369685182645,3.2109307869533,4.3026361736082,6.54475380374482,3.63448673386719
"87",0.672042469014787,0.102393063199646,3.75233608948797,0.221674489685329,6.48719261560426,3.99366807922987
"88",-0.307953380837338,-0.67526682519505,3.13837954673984,3.34131156062563,3.82069503229649,1.61946922307644
"89",0.536523716710872,0.972085023739425,3.15968001236634,2.77645021391604,6.25260039522225,5.52081963387357
"90",0.824870065351676,0.755869929249423,3.22843531823039,2.80122840481431,1.24726851475478,3.38009788028167
"91",-0.963901479013802,-0.428285623067143,1.83721628318659,4.63330267976011,5.27969220675038,3.51597109586419
"92",-0.855082511099791,-0.713924763715124,3.85465851940679,1.13037848686609,5.48060834778165,3.07383903341165
"93",1.88694694202566,-0.190384065567216,2.757904121409,2.74991115316758,5.23996394255468,3.7140743852821
"94",-0.391819371995182,0.399864811716241,0.984004577639077,1.62924066617709,0.976578672117124,5.58779536109287
"95",-0.980632948949986,-0.977844914504154,2.77230950669523,4.45126184360921,4.25267955972159,4.65908902278473
"96",0.687332100557042,0.183736909549099,3.22416983261698,0.862090225106753,3.00565932400935,5.20629787922748
"97",-0.505043517520896,-2.15031052974374,2.26317507837743,2.42273895249167,2.73779538113715,3.97517035798047
"98",2.15771981650642,-0.622966525745903,2.15328925945976,3.23644945155543,5.03041872845941,3.09541264811474
"99",-0.599797563824836,-0.765439315770125,2.88854113978356,4.09985656336821,5.80741076170208,3.55313018610961
"100",-0.694546693270751,0.464309418783945,2.68839834363474,3.56128271365065,3.91757897210314,4.1250856204409
"101",0.223925407521288,0.522282168524833,1.57967614150919,5.30362700541773,3.43027804365847,5.1480913566555
"102",-1.15622333024077,0.0097937599323372,0.533061353139025,5.0208958968894,-0.120104880836014,4.45501372932853
"103",0.422418527786999,-0.440526196202908,3.48471583548113,2.94212148126018,5.1456015670238,6.02194638426709
"104",-1.32475525584893,1.1994895345014,2.06202768923576,3.44209337556445,6.50048715213282,3.3047296290187
"105",0.141084312860285,-0.117468489316423,6.33073330557046,1.69666885988209,4.7435022382357,5.60396534062607
"106",-0.536047998490946,0.038209787380577,2.83705453668101,2.96477957174612,4.02426654965572,5.35170733572983
"107",-0.311606084578147,1.19480563237129,3.22045578480086,3.92425431612853,6.81757558288496,4.43951459757145
"108",1.55610964260126,0.343958352102906,3.87621081167933,2.6391716669548,1.29507170331296,5.57162170153059
"109",-0.44803329129447,-0.329072974464988,0.851037048084676,3.46717268081643,4.37970418827793,2.25874676317478
"110",0.321123537493968,1.670857916859,2.76624864723609,2.79876313941058,4.37227015213404,2.51598519896845
"111",-1.23017224688019,-0.918058202818816,1.00150715411552,2.99465265681819,5.04710245027331,3.44476744838782
"112",-1.32405869215415,-0.0878073286373145,1.76521960043203,2.46699671297506,7.36691932543437,2.64139506921786
"113",1.2612422743883,1.32029371983474,3.84630371767861,2.48458485877479,3.89433350398576,3.91734287554268
"114",1.31923171964234,1.73078613049822,2.95350518185825,2.91508909072892,6.19408057536623,3.64176388104732
"115",-0.0807537613680344,2.16259607787676,3.40364276525954,3.43593334004116,6.36193876588003,2.7108817428873
"116",-0.505089806271492,-0.315732479332576,3.767454660414,3.99795424397786,5.02392209643411,4.96668318781408
"117",-0.0521535933303235,-0.575096104236685,3.86710150194461,1.8368107393373,4.58638487331174,3.57954410019453
"118",0.628860625108436,-1.40635643559789,1.74541885100498,4.68089383773506,6.47769809411167,4.77821474470472
"119",2.18000239748484,2.2678598535587,2.84220201033697,4.2171205130423,4.94855672460798,4.57727297094054
"120",-0.0690173065192163,-0.770853928970678,2.48768322030218,2.97256117314953,1.40654461998807,3.60327830914455
"121",1.5448636020376,0.380315696994393,3.41302086839955,2.70845439570271,1.36877841766256,2.44252959842751
"122",1.32145201716263,0.605136772754965,3.56425626094745,3.97262782127357,4.48450926394398,3.45159208632219
"123",0.322151575362802,1.01967413681758,3.72606595210077,2.76029327069474,4.87854552261606,4.21726018235251
"124",1.53095511973516,0.474943044148217,2.58489778484176,2.09828232431894,6.9837474562875,4.91323496950686
"125",-0.421239693338574,-2.18594644011259,3.04161530016541,2.36882567487738,3.06311804694456,5.5522148463537
"126",-1.15882102281814,0.933192166975154,3.22429205051533,1.3740249147657,5.76144115733759,5.26813065319604
"127",-1.84536828942147,0.475435421232725,3.78640914041459,0.850504055074283,5.42701948141674,4.76040152453718
"128",1.15732528705715,0.390281600028403,2.57663716276696,5.11262792349993,3.06298693612727,4.65918042019172
"129",-2.12354988101476,-0.727328150843188,2.63246604344955,3.2690804332535,7.9897461975632,4.65398965241413
"130",-1.19603151811083,0.986555948076592,1.23297969406904,2.48052784439055,4.32756030767547,5.55597631479714
"131",1.64219199076734,1.42398359867007,2.81646212412334,2.98426555589102,1.59874415872038,4.4166108668482
"132",0.883654833162014,0.484730511200338,3.83487199727826,2.8487470808801,2.06464468357997,4.02805339383486
"133",0.524875891035917,0.349236445934426,2.41279948883786,3.08823135381368,4.56730269881748,1.63399142727866
"134",-1.18465906563077,0.860124249616191,2.64106759741377,3.77890251191971,7.30356996933339,4.54604449068723
"135",2.6557882721428,0.404611144608053,5.11412883607947,3.38672013758607,6.26696091368205,3.91292285586892
"136",-1.04791371021831,0.367044921399527,3.64541105238532,3.34795346701924,4.44538067005648,4.36889212249179
"137",-1.01112252361904,-1.51919904950798,2.6876800443696,1.1004286205571,1.51330437036206,2.55956062063368
"138",0.668921652514333,1.54980333197868,4.18544828285913,2.94231758401207,2.96289431952101,4.94834221843411
"139",0.129177293676193,0.499881065667666,3.55379896394427,2.52869501353887,4.38103748375653,2.37753106380035
"140",-0.422576867053514,0.460872851532372,2.94624606128197,3.63473129816543,3.97198891812678,2.57795906087632
"141",-1.14026414484813,2.07670993327744,5.12746303485883,2.03925630730888,3.51706761195608,1.80044038013334
"142",-1.29371529003254,-0.307650565583008,2.81229352055578,2.19517538937138,5.38243306420226,4.10224254973457
"143",-0.594698769070893,0.952370885178271,3.09875784493933,2.50405323783357,2.66603275122589,2.29905574792088
"144",-1.50081408022084,0.532788293060056,4.91037814936148,2.58152301607131,1.74771768343052,5.66756805497658
"145",0.0158556930655591,-0.0955477083753134,4.62145571560741,2.34501554973225,3.04620552652712,4.65132781853536
"146",0.54016956769222,-0.142063378432117,5.0930679948022,4.39548649027518,3.62275762956245,5.53324704446761
"147",-1.5472919670457,-1.18302571097835,2.30776407206638,6.09369662832478,5.81560177465775,3.99289591477351
"148",0.849652929928439,0.54531840953441,0.712801889133534,4.90082563123672,2.75718977201908,4.06443705124141
"149",0.89601318433245,-2.58185544258076,1.34439832512952,2.60468100732192,1.87413163998273,5.42522041865573
"150",0.138690996809729,0.77890003053602,3.56950941791517,2.41329762747012,5.46932287355692,5.0959766553495
"151",-1.61932832236614,0.292940302703854,2.5287774133577,3.46176538624796,1.03247894040961,3.87616448201267
"152",0.548397923014403,-0.0867079053484027,2.96679032262571,3.09720933866593,6.95606493627138,3.39771620508006
"153",0.195282153811252,-1.46635949546023,3.37736706776052,3.67602556416029,4.34810638754493,2.90386045377101
"154",-0.80649799476347,-1.0831794487358,4.15771800072853,2.25122945878855,4.54637340928317,3.6887029301195
"155",-0.108624235207127,1.05773736712652,4.39864999962659,4.02555255241429,5.84466066084117,4.17513889581102
"156",-0.250946623852313,-0.360320800556423,5.11850393063946,2.30340461457831,4.61294929310287,4.53080992004394
"157",1.69934666853318,0.350593765015391,1.91254013049201,1.72286456446695,4.45796622154772,4.90641080634313
"158",-0.344298796264969,0.0282576561933585,4.21603338663365,2.90757627156442,4.47011522907655,4.04675312892565
"159",0.0677720614042188,0.473048261023495,3.67722530463159,4.84746361219518,3.89322356732855,4.18479492819343
"160",-0.650569726854058,-0.919154727671976,2.27362309235246,2.0703705443799,4.1265841092622,3.49498816677109
"161",-0.487638515203085,-0.375823436339545,3.11284394166853,1.96919984337975,5.65017328057289,5.09073222039182
"162",0.303151237257663,-1.81283376431222,3.06521357478166,1.68048564525075,3.43570981923811,3.81450177472181
"163",-0.241974019629253,0.288600211104964,2.36937278891417,2.91579429823265,6.04206392141124,3.52857847122872
"164",-0.481733567501898,-0.189622581277104,3.51885546276613,3.77390220699747,8.77572103866679,4.63312187015105
"165",-0.991802864256725,0.0178602132113477,2.19705550014367,2.84005262655382,8.16635615910688,3.72787554957627
"166",-0.28064913880443,0.650430242426131,2.31837679869162,3.86330754226669,4.73634497018081,4.7928387975939
"167",0.633017344180171,0.310254985421182,2.96283727814652,3.96937087783831,1.84384668659073,5.05168020506894
"168",-1.23981834310786,1.66835716892389,2.71272568477372,3.61412904015206,3.46053820295195,4.46759099251547
"169",1.76431406899432,0.672614533611014,1.97397283265389,5.49691850680724,2.82139680005557,5.57775777615221
"170",-0.0236798881530076,-0.27751798802614,4.39835918459911,4.15526488188743,3.52493939881747,5.19257919933482
"171",0.199920483827434,-0.146026391952837,3.83669024580683,4.87487161677876,6.80430174291362,4.68780869002205
"172",1.34719277764001,1.70143183167595,2.67010373618225,2.76244254331539,4.3011859670997,3.45943432342635
"173",0.0360734877996975,0.471357880571046,3.53480225613094,2.5472204617314,6.17985999346848,4.69290256205359
"174",0.824581130566735,0.581700078573641,1.79274681070674,2.28324848815168,4.68438322987163,1.80595954931126
"175",-1.70267185160602,0.666020696010318,3.62876731504835,3.48893426771708,6.59574738550733,3.04595284949017
"176",0.480950155267682,-0.77890222515892,3.57616473280411,3.83420158408053,7.1731236324426,3.85981632336267
"177",2.48355008932625,1.16332484782536,4.23622387908971,3.92586481545964,6.669914004679,4.3671502804989
"178",0.401364987505605,-1.96454419520035,3.47553963797917,3.94315515213513,4.40626898302391,4.05585806255144
"179",0.215177170747045,0.769170668260007,1.45285251160974,2.43992554485969,8.70860270240005,5.85388686032127
"180",-1.8157123529028,2.25977199341018,3.05546879788962,3.68769928428966,7.59666440395528,5.2334889773664
"181",-0.911739424232877,-0.477272291383015,3.68006209093678,3.21982542033565,3.92951780361402,2.46654217436376
"182",-0.0490446908536225,-0.102580508795901,1.64979843020687,1.9947626107251,3.23133736264593,4.07045560784308
"183",-0.405387476681813,0.368696176156456,3.24510244448737,3.37310116358846,8.72206602705032,4.62465417466683
"184",1.13038179784685,-0.535432993982554,2.69265146404799,3.46939156912999,4.45881581709899,3.7760177896612
"185",0.815464735072572,0.506601941315226,3.73136456653745,3.0646260775971,6.17128181126129,4.35117064606984
"186",0.0764175190481425,-0.150557097589785,3.20138180605695,4.00481544153691,3.84588445096932,4.12220445767741
"187",1.45374735124973,0.904243556201491,1.42453716713106,2.6261705800876,4.36197018207261,2.19644258052751
"188",0.374121083436261,2.24203613746722,3.02353877743927,3.93610850408053,4.37194973443393,5.00149540104933
"189",-0.170904055752574,-1.19512289061954,3.80164111102937,3.84498858894407,3.68132271862814,5.1992198328312
"190",-0.502212811850508,-0.418522566091345,0.444372625287878,4.09265815925723,2.55368037302368,2.57399530995619
"191",0.543522107940633,17.9825139469896,2.47308931905085,16.2924459833816,5.21840825126936,1.54184973669891
"192",-0.505186002851623,14.9817216339198,1.68714110936487,20.3723457827919,4.53118519981074,11.9587938295888
"193",0.786795789402013,11.1956022337119,3.80086134632853,18.7061706922384,5.32388929355122,14.8903310134993
"194",0.300949401608442,6.32797280755458,3.71310077052542,3.72591614918866,3.28819224866926,9.69849444500908
"195",1.31022390674737,12.6233108481488,4.03191486258691,14.3572898781583,2.57278058814911,11.6218068298852
"196",0.798433770272113,12.6270412482434,4.6818084979509,12.394069412427,4.86455705015885,11.0649948799529
"197",0.850860437614436,16.4073887799331,2.77368960410802,2.5612038015712,7.91293707262252,1.76966866870135
"198",-0.443567968094689,13.0708983077192,2.80207096811746,12.2356988347751,2.11412208559809,19.3442942708544
"199",-0.446774787609579,9.6687059922325,4.04370225232125,15.0458986897194,3.97494021235414,14.219746302764
"200",0.0133050417761504,3.74750526825526,2.55826265240502,31.1701460983184,5.48796758385083,4.96981005248036
